0.008051870208148005
0.03426682181880556
0.014894336431666494
0.05565598709879077
0.006132481365795967
0.021035609302516262
0.07018995399769165
0.03553799761729263
0.021451873186299375
0.009954115222966617
0.03207773234530417
0.07184300074707003
0.005307017931728771
0.012729763215034511
0.04525015602674339
0.09848628623566995
0.007408567099332638
0.010123094522444202
0.027044268645604885
0.06203757294193256
0.00866560858463103
0.02293047441305076
0.03343433145356766
0.08444386011980025
0.003920062608038952
0.019003414001098336
0.040482078557429704
0.0357516923684179
0.005188597098702661
0.020718099884234103
0.02387445453315218
0.0442964205023928
0.004668000660603135
0.018487572378313836
0.04160759749890148
0.07396335754819564
2.4881980887219533e-12
0.0033070853427554997
0.013743096565229606
0.03202578347193821
0.003925413415119791
0.012173622898291688
0.02850716621673644
0.013338202550549499
0.0025007642648131366
0.00997738402092683
0.010758296464946644
0.02293734906359388
0.002991989624390106
0.011967958497562403
0.02749177963954549
0.049449350873763114
0.0032168750461172737
0.009778415833564022
0.004476461905036915
0.012460605179886546
0.003084511186880193
0.012338044747520897
0.027760600681922827
0.04606304253808503
0.002979361546343325
0.011917446185373725
0.00865613217717451
0.01197220549696565
0.0017399160854188773
0.006959664341675656
0.004893001984114827
0.011447707657866617
0.002532457467605685
0.01012982987042274
0.022792117208451233
0.04051931948169474
0.0025324574663400973
0.010129829865360672
0.009808564120476312
0.021807378897174184
1.1961115914162136e-09
0.0014487171277432784
0.005793448841139042
0.013034196336298919
0.0014480078888868579
0.00222400525154776
0.007509487531541672
0.017603208786408565
0.002404119483531995
0.007451898481664823
0.01741502178229868
0.03194722124056831
