0.014783338586784584
0.03854002561609896
0.023261395381771917
0.05635413934963437
0.017503147461976176
0.03509114863725179
0.06688097093038765
0.0416700189528457
0.033182732072430034
0.02340967098617363
0.051381383423930754
0.06962687891743781
0.015580626244121418
0.028600538646831836
0.057715888928220535
0.07725107247465844
0.01947292335673388
0.027546456964956823
0.04392046540901829
0.06948431864333446
0.025563853213880015
0.03797663301018341
0.049528588492098936
0.07269304488932779
0.011217242086055398
0.036364284383095864
0.04980673634402184
0.046963598328306516
0.021355383064890043
0.04276916054422063
0.044704782855040724
0.06562359362570507
0.01926456758896562
0.03982230120008723
0.06038003481121087
0.08124412708733769
1.5774023206718412e-06
0.013279976652471135
0.03303218739677089
0.052501916681886376
0.019469729272539663
0.027692485234572826
0.04642327026758048
0.029611159652887388
0.014583603624030763
0.030727212894921557
0.02764776290616906
0.05018758439455073
0.017210381466841913
0.034420762933463044
0.052705384660242445
0.07099000638683979
0.018284621727451933
0.02888857538444188
0.02162263306561563
0.0397242153485643
0.018101582268731344
0.03620316453746302
0.05430474680619607
0.0641430049103062
0.017919415900925856
0.03583883180185216
0.028192181020753937
0.02996556087802954
0.01504573915899286
0.030091478317985965
0.023521450856966313
0.036625689438478076
0.017521600079094146
0.03504320015818829
0.05256480023728257
0.07008640031637926
0.01752160007112243
0.03504320014224551
0.032130696467816834
0.049349136146537145
7.069338927678519e-06
0.01453905734231587
0.029071045345703768
0.04360303334909173
0.01453198799500348
0.014888558562525108
0.0323078076958331
0.0497270568291416
0.01741924912470334
0.024407913360105175
0.041526576977795104
0.05864524059548522
